$ANSIBLE_VAULT;1.1;AES256
65626137336332633630373363323364393931633030316566326331636265646264336239383561
6164393564316439653361663361313338346366366330640a393033326237333030306337653266
30396331616533326561613930366135393563343338643338363934353338663738353365616235
3639643163623631380a316236643435386235336134363063326438636238613237316134326562
36636364656132356139643035326437386435333238316265313833363062333936663933616534
35303633336534633932373035636334653333656235363632343961303863386132306630303939
66396135363238323133656561653837646338303834383962663833353962656136353233393736
66333662643530333065383933613636643065323366633435626337363063313739323861333961
32383139633735316131353362326266356331323135646636346466306639386236313962353738
63623362613465653734323464653665643164353563373634383734626236316665356334323964
36316234643433383037613362613061613566643535353839643863323061363731343439353937
64376366633030613263616566633336613232653130333065393138653361353536393666336363
33303038643936333361323236313636323932346535613837346530643632616361333533376463
36633736323534336531633061363931623366616531336665646461623933383835383034646239
38353966366433666262633030336136623861383561656535373635336430326434363964363533
37376562376431363039383432646138323632306135643531616564313938376433613262346230
61633236343066663536346361343136303532313039366437623636663631303261383138613261
39393665326661396362306566336637643839633730386530633361396234626232623761383663
62666532633634326265613437376330336162363638613461396463616466663264323539643561
66306161353831623662396663623239323039363364653661343733636336363839303934343233
36343564663532623032333236383566376534366461326365663863613439393934363139613931
30333336366131623539633132633934333266643264343837363438316535313464616632623961
32373138643730396533626363633035343939613761653133316338633864393334396534616432
38656535333935626634306266613835323238643065326433346537616562663431636139373637
39306233366366656538316337306433396564323035376532376138623434666637646337393139
64323266313261326334666266663331306664336466373039663665316463353432386363323863
31666134633530396533353834363931313636646236343134363630343362626638343230333232
62376666323465623438633036613462353966623637306134386231363164363033383866343730
32653262353237623233623764356362386136336438333134663230336266333564393430623233
64323664643837643837353738663066626364653765333139316437663231326631663465373363
64353662343331643262313535356630613336383739333036303930373432643666366361353136
35313033326333363365396366353866633639336163623330393539343133636366613032643665
31313663623831646437613535636638666331353636656264393336383635643931383561393364
33333337363936663932323133643763636566333065393761636261643962303463376464373366
38303563666466386632356462623766316166636132656633306263626562326135383032336230
65663462623164666531663533366430343364643065376230373432306235653834363237633732
30656636316462366135613366343761333262653162646632343238326366363965663532313635
30393464313031393636303431663339653638653232303464636564366530613465343330666131
34353766646232373163356534343962363935623837393363363433353936376538366366366533
36653561616237383735663864383939336330636436663232656539666434343535343435313538
36303432616366383634393134633633636537346164333537643862343261343732323636356434
36343937373132366566353337666164316363343038656239313762333630336335623766663165
64613664646133383262373433326462633862386164313266326465366561313938323435306435
66383934613763306666373264376263313238363665633134623734383238356230386432653265
63363864316137386436616339363934306666663936646434316461633338653534633262396465
63336231363835366139343966626338323833323261373930643462313165313337663563396664
65376265313637663930346435313734663566316639633035303361616630346534303761353039
65666135653338353733663931626630336165653666313836373661383937633562613736383732
64636161393733363536643133656535333365666461383931333138346364666535373366663634
36313265373030366632386136613330393134623063623066643665646136323361376138633432
66393634303864666134623464343030396537623334323832656264303561353132333563396231
62366166383836316462376666633631613938393136373064636131383931303762666337336332
35633934656439373364656363643134343931326432383566316630616635306162323638303738
36336331633430303261353566333266363835616434643261323533333031383434326362653561
65316464363162616334626134663036393336383734333163336264653439373831303636613963
39626563626535373337366461633865363437336465343230386539633865633664346164323666
35376362613066316264656330323666633130323861306461353433643662613261613732613331
66653965663965633032666135363631623134643563666536643537613133343262663439313936
62383637396432326231616165323638376465333466306365333536373830613135336261613563
61613663353565336361346235643636613861336536663338373533373535393131656536373030
35643861623965306234376164336263653739396462343538386164663330636435353465303139
30313534653234383466643865373932646165303463383434623762656332353136633332623564
39333561323239373339363433376662616661363737306561663066346435363734313462333966
61613538396539633831313735376232666666313339656338643366623636623062663033333031
30343035343164666236336239646434623931636662626564636466643365346237363131336634
31643139353261383530383765313265323039666238313037306431323666333861663561353438
64626438363764336635626635386237626666303032653138373665383461623663633538613164
39623736663336623132383436343430373931363036363136316336313363336135313735323537
65386461656336626535346234343865663837336162313561323236313763353063363365623838
65383732366564613466633061373032666665356232303665646463336234666237313437643764
37303431346566313966376266343662343438633564313633656266383930336430336263663963
64623465346264383237613836343137323661646335646438643565663766643934643665333137
61396333303162346231626566373239633836333264393535663031316237376133613835386637
39653966383966303330626562643531666366323531636163646135313833653539626639326333
34393630376665323038656638396333383862666331383335356565623739303566323339376565
63613937663038653266383239373164653166363332376566656638333032666531393864643365
64613235386461653366643661363866383361653462333030383136316262313262616661363732
38336638343532363431383032396565353363643163393562356330366166373130636631313262
63303463306261386564623133363866346464643363656538656261656661646538346539623632
30643362343965353962316437656563393366396433383234656631343331343561376534666433
33623164386266336438653564376436653730666364316262373633363665366264356338373938
32633533346236316133633330633937313036613737393539336164393339303931653239623566
32356235353533316661326435356234316639613138373964306436643166363937306434343434
31623134633432656437386562346433336536336438336662306632623838366537643038356232
36333134333266323037663632343139356235366162396230313038663466356534656337646631
34323265623161666366663836666133316438636639373530333163663336363132346330333661
323064366662343639646333393031663263
