$ANSIBLE_VAULT;1.1;AES256
35663534653139376230386238363132336630363538313139613530393937666236623261653335
3961633037626361393138633134623835326434356265350a316330386632653065366662326438
38383630326562666564633562303432396465303563333862303131373131303464383736346230
3165656361366265300a333933323864313430306432356662306433336432636433343763396162
32616661613366393431623665363565613632323230633830643034643935356435396432303366
36396139393538383061633661316134303932323066613338633964626237333431386537656431
30656639386337623035663931323338663636313164393837626161663830656465623564383165
63653263633832346464353837386163663964666262633566653530653161326537653537653530
65346338356264363061323139653738633132623333333434343439343336373635386164653538
30316234363435643132646339323162323035393438373030323466363639363432316533613161
33373961633533366263313666333931393930346661333562323235653833616231316638616438
34616663336238333436306266646566613430316236633432336531306431313764663837613135
33646534303432363462313839626463373837306666353661633464333866646464313433323930
32396366633231383135323230653932613634653230343865346666613664386364366364393436
33326261333732656366323936643831663732343631313635373466653164643236303362366138
32376535636235656461636630343265336334393161643064333230383637613565366631313532
61373263306137393361666165323936346565663665376463663762643333366239333437636133
35633638326461623365316637613361636563313666343837616331643838646235313236323633
35393134343966333235356163336563303264633238376331643533343364333865643436386432
65356432306166643336393431643935643665396366353332336239353566386166383036366233
35653932313739383666613737646230326464333761303166616631643032396562326637353134
63393234333461656265386366383330373432616235336530346462663161653864616532653530
36613664393034643438353537323462613866613630313731386330303866386233613930616133
63663739623330383735376138343934623964366362343237366632393164653330666263663030
37323162616261336161616336343765303237333061633733646164393131666564396135346334
36383364353637393163613034393137613130373637623261656561653666343261333362306330
37613336326462623538343037396331376232643532303832343865306264313563656563653534
64663763636139643764393664643030633631313436616336663662383964323835623933383734
37616439623037336464643965303434663731666562306466326634616330313731343938343261
34326332363132356631313563643962326430346330313965653034363861633138663964613163
35626635366131373263373438306466333462393939613237313333376334353637353961393966
39373061346432383430643936636664663238633438613432646539633338636135393861373233
66623863626531343562653332353238656562396539613161376361653361353132353665636136
31613430366530643131646632383737336138336633353361373966643938346663383334353164
32613964336135333534656636313736366634386161663866636634343765336630306131643539
39356564373539626366363364633761656165313463623861623665386463373365336438376463
32663261333237396635653263353336313563666436313230363536613439663034353733656234
36653432653231323437366332646666336466356333636333656334363637316331333365616632
37636237386362633264366233663137636162666433353132363461353334656634346165656630
32363361313231343262353566346535633262663234303332323535633266383233326538366638
30376531656466383033666264643132623565343834376435356437623838656666306530633032
61303739643937333234323932356436343437616435303936306139306562373231656366313238
34623330363839313864313663323738656339316434326664396262323438323732643362313063
61373862613761633338373632663861663232633833363565623635653437656666396133313635
37326637316335616563363132366332313437626631316164383537353730323666316434316666
64343236346131623662306366353461383533326464396230653961653234666238663966306566
36666235353365653565616166396231333034343062636637623436303339356634306231616630
31626534666235393564326561626666303964363332363866373532393165623139313761336430
35353434626232343663656463616464386635643136636433303465353064393965363661373736
34313462653334373666346264623836303530343036623636366463373035613430323566353630
61363762636436363564316130373434353137303738623963366363666134646533356132333265
65313038656330306565333031376466643563303464616463636638656334646364326465313764
39396564396331626139393362323037313932356464336632613831313430343134306464316264
66306339363561306633303431316438663939303834313238616632633533633136323330633562
62613062336133666265636430366336316337393164653761373461663861313337633938323937
37373432393332383833323032353033343539653837636231346233356432346339393736616465
34663336636365343036623533363033376637653465363335663565663031386261343332646634
35386634323532356239303063326237383136626563636163663535396662343765633836376331
35653064636266366536646462656636303161663938343336383764353464306165303164343834
35346237383234396362336662643233643633393133393335323433666230633464363433373132
66663366636565303664633936383365626164303139373530326331303363616465313830623833
62373832613164393938663363336432373930333038633534376265313533383862346330353836
66366463383261346563316464663431623663343066323330633732383962306465316430363638
61343966333066633937326561363538343436613239353930383036356134643863343336356362
38643633386530363731303334633838363036343865653063613632363233636538383966626162
34626536653537623962353931666462646333363437616466373734626236323537353433353563
62383339376630643664643230643663623865396165346437653733336466396165646132633365
34313365313364306339343365316162356362396637663231396230346265326634366631363733
33386133656433346561326332346339386633623239353833316130636536303838393562396164
31623638383738333164316233366137313265346565333834643963646636666135363537653734
65363265623031313163653664356337626237353361313863396337306136626366343661346433
65643635653765613439653730333433613231393034353331343265643737383831396562353135
62636332323137373439303761616537623230373962333463306134646135346534353730646262
39353665636165343437356434643332376665653532623963623534623463303063616136353935
31623934663131366337333738346235663434316430306236643834326437636665623235653465
34623039373239393336363166366465326137313530633534653564613063643761363335343363
38666137306238376135656336633963626463383663373963326561336430363065353366343839
35383264626137396561313434623532313532633933623064343866373066643639393665383364
35393263373130393237343530313136353333636131393761393830383736303664346266643536
33363266643739363736616138666664666163303263326632663866333835326636613331613565
35626538373561323164383734393831343632376538363435383265363864383035376538643532
36313465633764393263643437363030663864363839326561303665373433343039643238633766
38356339383939646336373930353930333261323932643831636134636339353338383266666435
38316338356137626232323735353865383431623664373737353038663833616333613962313439
36653966393564366162376633643330663863303439643337633135353962393465326138373137
63393935323835626563613236323466303866363030396263363632323966643639343036613364
64323934353664363165333836303364643932356366636161613939613538653034363730633963
65363036393366653239306136303163386331393536323062393565383531363262363730666232
65626430346130646365393232373732303334346530616165663333343265353361323236623634
32346462633938623936333137366366363334626534353862663366353133663437353432353962
31623439366236366635666138323539306564313631663438316364306535616136386561396431
33396538656235656461313461396462353736393138373431663336393830333466383438343738
34323831363266613236323235666538343261333062626265383365616537333364326461333261
64383330353431343335653662633639336235356437313032616630393165346331336466316361
37396539343830313032353063633061366339323964326239323731663064366463306334343830
63613930336364666439656531306336333065666536616631396262336364306238663632653335
31613331333730316537613565396364366335396361306565336365386535663361333039313736
31383732656137313965643933373133323463323362386261396463383837313933393231383861
34316430333238386630326239373235306666313966373361623934356334663732373961653235
33363961313862393261613135366165373130666437646432346331326662316263353131353866
30306634646265633435313733326239373164666330393734383233353934633230343464373839
62343466306431636363623864323435373933356163316266633530353136356365326232363535
36663238633664646564363837313636383238386637646361336264653664656339343666303766
64356437653232643464323634336165373430326232313530373535616566326561363632323830
66643466346433393734303366333536666364643364363634356333393734336639613137363137
65383131363535633839353966376261353262633363633938623331343431316261343461323965
39373136373339633836313739326364653135333336303538653133653635643865336130396661
39643438346662316436663730613066613964393362343738346235613235373063333165353166
64666133666661363034346131336665353166376231393939616432343037353862626562313537
38636134353263303361366639653961366165396338623438323530303935316634623062666563
62313063356636316133343635633135653730393637613864306639656362663233653665373362
32363930353131653662303961353131316562616637333231303339366134373362646563653862
34313330643636316436633031333864383537306532643961383833643232343630386666376634
38356233383738316562393937363033626236636638316362633262306462633034356630363534
34306631386630643462666435633965653532343332313933613638663532323236333062633062
62666333373638656131343638623362613237356234343539613337363931363032396464623262
65363338623838633462343031383436613130376333613730396430313432643233663636346537
66303535386633646338323232646166656536323435666231313063386337653466393839383366
65336566386437363861643736643935643630366430363132373233316365313339386563393937
38323439653832646664373336663331376465623135666431313237376164656562333839336438
3465
