!vault |
    $ANSIBLE_VAULT;1.1;AES256
    35373964356334336461656633363162383832326162653761636133626433383264303132646638
    3163376330613331396463306338333663323932636664660a366635346436316530333464313836
    31326436306435306566343039336235386437303035396139333235336465313131306336356131
    3437333930666263380a386433626562613933313666376662313862663537346366636663613031
    32633232363165623361653461393536636536353933396231653136333836383531363437663862
    64386330353763346666616561656237303330316263643063376162313765383334643264376365
    61613766303265366465356338656637663439363033316534386463363834303438623565653731
    36336231393837313134396236653765356534313532313933333666633838333837643335376435
    37316536383561356433363137646561626362346231666530353233313161303830383235363033
    64353333653638383034616264623936356163363664323566666238306230343937373634326636
    62643835333034323765306534376563366632613337396261353532656566356538623261663530
    35313265396264343266343738323866623564366336316162326537326133303635653638633437
    61393964623232376135353636653464616335623434656438656235626137383136616462336534
    38653032333863356363333665663530633630386233323635626136376361353366653664636235
    61343735356138613763626561353833313633376634366232656364303739623538626532313839
    66666563616535376663383838653062386264386237303739363139633763343664366430343661
    35646338353931326366666635313038323366363534623934323962356264613563306637653638
    39653632663933306665376261383130356131346563633166346566663132623563393865626431
    63333833373861656433336335383363663330373639356533373766656530613931303731323735
    37323838343133363762343231663862333766396464353765393230336136626338366365373363
    35393231363362636435373337323865333962373530323861353264343832663764323130313064
    65343862633063663039363266626433313566643837353130383035663262313266623966393837
    32336631336664373333346264643531313332613862663637653732383866633030313662626165
    37376539623638663566316330656431323238393435666439323833373865356236326439303038
    34656362313839636331326565646531643961643632363831623838316332666562616635306232
    66306666633334326535393764626263336634353233313636613731343964643035386433646636
    64363339343837333861326434316466373539616363353537666235383663626433666266363337
    37346134326636666638663932623036613334303133663136623964663035393434643737386531
    32366539353834656335666234636366633436613136646466396137363166396439353839646330
    63363138353031666535363764666539346465373437653136623036396533356561653264626665
    38356466623562316539383462633038643031306532666133623838373730633833346231353531
    62386262323762346162663339333931643465333037393362613964316166613133353265626233
    64343534633431653362383730393861356263343764666530623463626137663735656138653263
    35353665323035383562353733306530643839313130383833633233333336346633636636323565
    33373431303833363330353432313562303763396139393064313961313565323539326430323739
    66643238333562383665366463353061613732393931383135646435336331636461633937366533
    34633436336337666436633465376365343732333965323731663638316264353935383766386137
    62373035633435383734383830373530326165346165316130636132386334666537313131343864
    33353939363132353763303363666632363838643532353832343566303239623732383836373839
    34363234633833326338323039396530636661353162616639376539663561323939323264323465
    35393963656337636666313636636432393065346565653334323231623831343366386236613964
    63613664393764313032343865333165613163626562386631323963396232393435653334616435
    66623765633766383466366365366537663039646565663839343566653934356334323139646165
    35383536653337643230313635613961633938656433396537393533666130303538356638346361
    65393762393835383966353663323037316434656632613538383937323939343939323564363333
    37363364343464346435643061643339303238616237376437626539653564356337396533313664
    34663263633434313266636663393362613238656135393335303338376238373530636234643232
    30323230313666386663373438643363303933663432636565613430666263656435613535343331
    64326663656332373733656337313033643939636334653431663435636234633763663666303861
    38333633396639306238336137306365636137646265306663633266343961306535366262336165
    62376535306436363832306462356530396361633064653839626461373535616433373739663834
    37363339353239623134353034333030313637353236326533326561356163306134663232306532
    33323664333038376539386461623835346364336130633631313130363839666235333238663731
    36373334653766653963363131323636333731333335383230363639313433383230663461633337
    38356233323061613862303431633033336235306535366464653237373764396639636430366433
    30326634646135643638663534346232643065343832663637633734653966323939313835306433
    35643834353534386336613935646334343935643562353265396239336537653436333461643337
    65663634633833356337353566356665643038333538323239623237313234353439626432313261
    35306134376461326635393361336239636462626364316539326139353762653662346638393565
    37616131656434643231396464643865313464316161643631313439353663343536323031633031
    61643438363565656438326631656662633266386332613736316433393763653233636664353263
    66393366336639326135323761613332383533343165393661643331306530613731363837326363
    37313366393964623266313962623163656137353637346439393339326635393235393131313064
    65636265663066623636623161613132666539363933643266643835653562666462353666363563
    30323236633838346436323132636261393764373366366233643138396236633234326239636566
    39323963386239396465313965376466303233353538396365636435633063626662343930316633
    32656334666362316232333664363264356437653536353866636236363931383863646166346533
    61623934323565313336373138623365653634346161653062343636336664613962656664396539
    30383733373836363537333466336262633762303431653833623637613233616665616331373664
    38313031336435376237386234643062373066633037306634313830633961323932623365353965
    36333562616131393064343037623964623634306532326566643531643231383732646430336634
    65363666313133316465306235333663323231346265306264316564626438633239346637623064
    34316435323130363333323234316234356363623738386563613036393263333631373638393039
    63643538663531323231613137303363333538333866613462343035663836663931353439303166
    30303830313164336261353034616636613733616664306166373961626438626166663563373538
    35333966366237666633383461373435653563386465396363366639653539633336636233383963
    33616364376366373331373633356364303362653863373733373366633462376330386234343234
    37356262383366653162323730386661643835396433663365663765343737663739306361373063
    37366264633861373536363235386530353464653163326365323066326438653065353738373161
    62363665653537376664643364303137373438616234613831613430386465623538393535386437
    33646165373761306564656533353636343763333433633364376435663535626366353931643637
    39663662653236366564343766396366656134643433313730333566393033636539393766383265
    65353432643966393636633738653134326330386431353034343161643932626566666436616164
    38396337323933626631393035306161613637666333666363383035393334613036396664376162
    65333739303961333934623432356663353865313035376533383061653636336236303839623738
    31336465333235326239316563663461376266373537636539323330363933373266313334373566
    303165653132646435343066356634613535
