!vault |
  $ANSIBLE_VAULT;1.1;AES256
  39313332306637306434623163343962353863643831653437383735643336653537313834323038
  3262363930323663346334303065376535356363663264620a393261386539616537653239313138
  36323830643961376262616630333836646130306534623066376432323834323266663733303335
  6639613433653830380a353765323534343833306233363832663562363031626237636332316637
  34373863376238393463303462613532343066333032323433373237356434633630303865396461
  61663831356238333861376661366339323764616138356461333534343638396430613334613236
  66333761643962653636343839366232393239653861623834376537346335653535303335633233
  30383432636465316535646434626136303864373764383935393734303263663666393736613531
  38653234653134663762336264613233346466356564376635373931663935636366353331633836
  31663832316539653831653032323035613261323936653137366666306563373038353438363035
  62363034626361303237373732663635323237623833356239323030353661623237323739363564
  64653238363930393062363836373364373030376462363461333137356636313235303135653435
  61303232643339303264653664356664376531383062623438316231616534316235323337646462
  64306135666434646537613236616165386636633661643366303439373566393432396464326262
  32653635323938656333356239353861653937356130666235383832333261393261396233393630
  32373664616138333635613534353338623861386665653334323461616531313430663535373237
  30323865636236363764386365363861306431333632663864343362373666393266646163646661
  66363065343464366537316361303639613135333163646163633762356664326263393166306463
  64626562313533333838323632366361393563613330393733363831643931373233353263326363
  63316234323438393337383866653737613934626666336261333531613130653436643136353534
  63316565393239656466323961393534353565366465393564396133363761613865656130383066
  34633938356537343932643237323037636536353438386438653965343164363163633633656137
  65393434643634323334353137326339393037626430326134646566643835623737373232373131
  31383063653662303539343863636237333965643230623532356539653663323738353262386430
  65613266656139333834393239303732363037643135383664396330626365633935373766326531
  35636531656639326638323061616662306439316364393263326562326335323133356538373166
  66333162626265306361653965663362343930303532643535623332393533343933376163356130
  62386162336233356263633030663264353034323631623833323739626631656238623639383437
  66613636376464366165613635666536393666376439353039393831383930663339663265303939
  36363231636439313739633330303063646563343565616631666262306165393265343931336263
  35303337336535323635396234613435656336303636626434613434643861613831376535353563
  63383033313664303661613630336531633261353566633766386432303164353434396365393336
  34633565343630383936663330646561663534313032316266313063333838626664623838646161
  35336139333635626138336462613538383861313035306365343061623739396266313037643566
  36623732323334323636356438396430323639363238386533663161336131663034303930313762
  61363130303138653633346665663362643561393033663036313133313231353734653363623963
  32336439653732393039623865626561336630393639626461396535393739356434323466623037
  66333836306130373934613237303261363162376335626437313665373330373062303565373235
  39313765333763656562353761316265386135333864363034356133363935633764626530363538
  39363565393638653461633734633033613137323861323061376330383636393665316638363862
  33616662623762303066326663663263393963633264326266343532643639363963343962383336
  34373466313839323736386564623162656133323735323062356361643161336234316537323534
  66643032613933343166333234373561313337636434336134376366373565346265303230613964
  38656136343566306333343862303832636437653037386136646634303066656430633766373364
  64333037386236316337303162346232393661663964336431396333353537643263636263303138
  64636566633639306661323037656365623161653638393735383966383566396138363166363261
  64653861633437616563386233346235323164366332356131306236353337656564323733663936
  61396538353465663563643666633331396565346462373333356232393032376232376366653534
  32363365336231396564653233613266353838343530326336643466356233373962323033316138
  32326437626465306336623733313264316263303464303937396461646665633461643637316436
  61386630333135396339346231653638646434316438373166613236323864336464636233613064
  31343663356364336562383036666364666165383864656338396439313061616432303632343163
  39303633393431636461633264303764346635386630323331623831346430343365323463666233
  61656635343035643263646463643036373936616239353637316334363637643664323461663931
  66333635383635626230633532336264623331306432616638643737323432333936386431643362
  66613937633338383261333565343761353564396561303333373730326231616665663364326663
  66326333303233663932643135623663633931383536313937323762323062396437613263333965
  38333961343062663333643262386461343634306335326435306563633334636463636131396265
  36326132363830666531633366346335336463353132623936373961353437653630393836363433
  61306262396665303163373365643631643536616665656434396531636464653361623963613434
  37626361636134643966383861623738616334633763313031333032326161343731383263653130
  32383637393337303632383136313337393064323931636133383435343537373162366330373365
  63303239653839383537613139363765343836323236356434366564363165666366626632393338
  61306538633366363031646363323034643463666535636631323334386430376133353833316534
  65663332666537666534353661356333386364653134306336626365666337333833386133636231
  62336666363865396630626438353864303862343935366638653961353265333536366266653430
  38313661636666663730313464663836663139383865396336373433663766303435656664373262
  33616332333663306365373663306331663736393862363366306635376136633265356632363038
  34313131306537393362646337656438633166396635303733326434393438666431343364636561
  37626665303331366635366263323435353734366639623536313030663635663532316362633939
  34613035646334656139336534343836326230653931323864613536316334623031666137643932
  37336639383165666461613737353531643236353037326333646330356432306535373732363231
  31323738623466633830376132343061316434353766626134636134313633303561646366346330
  36323666313133383637613435623366373764303664613936623237346338643964313562333364
  66363763313364663265376532373361343432333332393033663234313538396134666334336661
  63396633333361373435356438383139393766656230303138363330356565336437356437303436
  34636533666530666138366237383439663038323439303665626461343036373236383634323934
  39626363336539396563323030383132333232353565376533383562613161336664323261353832
  33396264386434653236666430373033376361663334663562346663306632373832393730653037
  37303639646430393535363434313139373737393239376330633037346562656637353832336662
  65383733613063303330366366626466356161653366633232663562343733376637633161393434
  34373032383830616365363738326163353130323638623063626165616630656134383838393763
  61653332373063623836396564613661326532636331333538346166343864666631363964656633
  64663930306661333839383261613438646635356637653930306635326435646166336139616265
  34653136363066303730653136396133383631646566323665326165386135656465323364636130
  36356664333764323861343633303066336139366663393030666162636364313963613130656635
  35623739663034353930326630636634343639643434353965323632323331396261393437343032
  30306166326162313933346166363131623766633261396631653337643563383138616461653538
  64633166323434643164393738633934623766313333346635306538366639383838383466646230
  37376337333065396137313037666637393034613734343636326531666437376665356338626561
  63333965356631336163306435326137333935313131333230306562653761323662316533393233
  39386431666134616566666162313132363538383037313531666563643038623162346632663466
  30353132303139316465393763656361323735646434363332323434613930656236336364373964
  34633963653564353865333233386332393338633938306438393532303863663032623431396130
  39626239363737376562373939353432353166336539633538353332366463323930613531393337
  62323839313938363839656634363532303933346437616665383539636438623566663337303131
  65353137353832653934643863303336653338653466633133613366353265643864326561333265
  32373665616131313035373634343439306164326166303235393930316264326132313563616239
  64636637303764336237613435353363366437383032643266323331386164663763306637613630
  30363665353264656536633235653463343534303365646138363465643163316632323836356365
  35326564633936643361313830353966306466663839333566613432666562346136383064336364
  65386435366333336162633136346664373730643462386635636630383364373662663931323165
  61396239323830623064313064393266343934616361653532656130313333326133333330656237
  30623361356336316565333736373362643762356263633836393332616431313363643365323236
  36616232613131313035646634343362373830366638313135373161303763663737323131663033
  34616538356163333265623234346233663635356538376165626137396337633533613935303836
  61363635353931626262343538626637316636386631366561396638353138303931336335346130
  30663638616639353034663238393438613039383233643863356534646263313435333166353038
  66663731323534343730376130623761343938346564373437323930326261636262303638303961
  37653065353531356532313730343133343033353865643239356638613730346337336232636531
  30336337383032303233333661643937383433366632336230343665663963383834656562303638
  63316364323132623933303137303764343635653733383437303762396232643330323465613134
  61643933373864646531383930386132386431323034313065636363353936633938343533353035
  63383131353264386237323064343764616264363861653033373432333763303134363366613230
  34353937326234646531643835333262343236363035303262356339613734303566343465623031
  34366464623962333563303162663638643531326539626338383735616336356535353131303736
  32333666333836393164383934373263633461363434336365353631383564643638636136616530
  64616437326333386431616134633536316532323734376631636432333466646131326465366531
  32343735393131343035373330383563613233343765393630633930386430643537303339653265
  39616538663033666338353932376334363234306630646131383236616237333538643134353431
  61373432316638353765636263316436386436373230666665326239376464636462
